-85.1084204421557
-100.461778227829
-292.598124657298
-117.33963256894
-109.384348711179
-43.3921388950856
-186.462840862577
150.180271166297
-76.9456961717754
-190.992877230401
-128.246441140003
-32.639794194632
-169.252276792654
-64.436750487619
91.9420668630802
-56.4664433276141
-69.369319101206
-30.5601205396524
-48.4409552959123
-63.1158504350911
-191.207370949223
-50.1039372798958
-73.8224858890757
-115.422377239308
-21.315167644203
77.8367146398935
-108.637046244181
-21.6111304325716
-182.078319090684
15.2887359342295
57.9195340279679
-77.2696704603905
-187.285693796912
-270.965712233701
-87.8976469886492
-84.9682357489716
-125.812341505179
-52.3871287000482
-52.8822825505298
-82.071451934117
-64.8484201512749
-13.2068007977381
-15.1733835755272
-52.270909811568
-115.927966757033
-79.8445645754554
-131.497210959741
-3.49063500393721
-53.3466828659616
-202.197743856369
-191.800009353362
-141.839304673719
-110.952636430439
-93.8268887016906
-104.492280169019
-105.672758549126
-8.50493865270683
-2.95396659141383
18.5055401293515
-120.462079889304
-217.998420143676
-41.159838646426
-69.8042551804277
-119.749722125381
-46.4206125262601
-143.968116457427
-66.3668332400839
-171.323849536283
-188.303528859722
-102.546875556668
7.2792470471743
-102.787975663356
-54.3340198238337
-3.26222310007595
-59.2182336820264
-87.9214139972582
-15.5686032685536
-2.89616916661934
-16.4548230488597
-4.08212462450227
-99.2816580626443
-101.738781274163
-98.6852952115706
-27.823650319018
-66.1943411610125
-2.4298368182042
8.00526454100121
0.499366740142901
-37.7441960954419
-131.091112599917
-18.2190368614122
-164.849318502083
-154.448559072622
-127.435688511201
-103.439521751494
22.6117429652501
-97.3276837870961
-116.63176387918
-84.7091731048697
-70.9009089033971
-80.1477289240302
-48.3470458209166
-114.552261964721
-35.591425396785
-67.0133633016137
-141.394089759936
-137.405648486793
11.7961049261937
14.6855913414872
14.6976506039472
-101.647482432001
-15.2653863285072
-8.09904959680099
-108.383108893245
-75.0477347223862
-37.9598625121541
-64.7773451222051
-11.1557052760076
116.992010624378
-34.7259150330029
-50.4041259378556
-59.6362617939676
-202.990614508773
-71.7505662945131
-68.6937602740781
-42.4334904840001
-159.094000861229
-157.38794517789
-226.837726236652
-116.963518568348
-28.2857264356579
-187.854345706987
-117.769004057982
-34.5519954005655
-117.286481135853
-34.1933542977332
-60.7057276342582
-35.2391960730861
-105.005464253865
-119.141735378626
-86.3228915083755
-55.7888924487538
-59.9240294573737
55.4118832211405
-145.463600632665
30.9401612546181
-133.977018235497
-43.7813367954118
-28.1894063748432
-59.6296888840781
-66.1586831754174
-93.0440060048804
-70.0598815954775
-91.1630130146549
-84.3421787277031
-110.381871937177
-76.177834078984
2.92506247821923
259.225731735431
-154.636296224248
-223.939782502493
-69.3511913598372
-16.0023462853817
-163.302869147161
-209.184262047202
-28.7581726402133
-197.366145647303
230.091486053141
0.185139437999489
-116.917149305512
-114.521556049969
-114.935265989216
-55.4282168377908
-227.620533215728
-72.9638358907138
-28.9705870879455
-46.3791361913457
-61.491720470191
-10.1802353115445
-29.2174507988267
-200.191917323093
-137.085397865827
-78.4873382968971
-164.873424214086
-52.2293415309091
-23.8616138840753
-42.5612500997342
57.3605896720524
-60.6208877529257
-75.4748032909301
-143.574093176432
-167.20571153526
-121.144517520591
-13.570384880526
-166.820792778776
-213.613960713955
129.022442605163
-25.2037771715075
-58.9789254759471
-131.142839717442
-29.7951538658711
-0.766068696444416
4.88108534010239
-101.494081132936
-76.2798613521715
-66.6348205332
-59.4796819884486
-11.3406402991532
-9.95506149494743
-45.9082700411328
-9.55868114920212
-89.3092279937693
-80.4014597689724
-101.973900853864
-203.978937368245
-83.1876339901772
-32.4364766049307
4.32649887016199
-110.355811278394
-33.2834021642233
-94.9088409496435
34.4020630991111
-122.106546340036
-185.523272057485
-94.0217319983143
-134.659346436926
-94.8498893705448
-15.0004801431136
-165.71837444208
128.559921468596
-3.3987097316022
-69.3132915037587
-110.885415545985
-97.7447431556896
-209.904371797244
-120.918234635544
-170.670280060763
-92.2995979960155
-67.6354986400544
-18.8832077319137
-30.5536005846561
57.5986239399424
-219.675275631578
-49.142211214417
17.537724170934
-59.1457267625844
-42.1959764434016
-254.997920344697
-82.2890994812303
5.22010597506567
-71.2076535708609
-84.1351586740327
-112.303852146812
-90.6415148530007
-14.8657551803449
-101.680738173278
-8.15181983511297
45.0454780836119
-95.9935728024708
-49.6679496971653
-105.945097801729
-8.02296963647685
56.6635592614559
-137.682197100718
-313.361115125074
-35.9247837843253
-136.45056861167
-104.752253149664
45.1551236216066
-183.395167961208
-81.4072469088627
-53.3364781302766
-30.3302548560226
30.2560962208304
-111.982386904165
-232.490154053656
-137.465900121839
47.240961415117
-78.8984901547575
-86.3097390629857
-103.514321354407
-48.5353159858186
-34.959538351143
-160.161630351518
2.44064626140586
-12.142752038015
-69.637397087765
39.0356990728181
-114.832300606517
38.7973157753973
4.70746060960006
9.98282803904484
-17.5567105377057
-188.113473214946
-51.8841086381837
-47.5432717669426
-105.757634639799
-155.699942305145
-137.592193316062
-64.4612312261163
-60.9614747845478
-196.420846282192
-124.083414402946
-80.6256621822166
16.2454501728642
-21.6026143377429
-22.8752607913724
-17.5132139348831
-50.9093814218408
30.5494739657159
1.11013476002889
-82.7088144365016
-71.4067888657648
-101.057495868933
-74.0114054848116
-255.723831381285
-64.7170451560824
-35.5723159263223
-54.3729333358312
-45.9964223615483
-131.576530700813
-36.8693077878543
-44.081474471494
-92.4081697728213
20.4264118486865
-42.6808484591778
-131.960190264243
-105.775378244863
22.8333870115494
34.7626888516758
-7.24860580733727
-60.2980245360119
-252.417906659046
-190.997295555122
1.97801358932455
-110.034401323177
27.1874065094374
-156.4723385588
-79.2560577557356
26.6069255308091
-154.996599888196
-68.2589421753071
-84.740134771482
16.1420338714917
-42.7728228226247
-252.245121712266
1.69194948734947
-48.6370819576388
-30.5254847924312
-102.272346421759
-1.5796960397186
-51.0249532357566
-120.819648472449
-143.977227391106
-46.2494456002503
-83.5870310130319
-12.5031661613151
76.4014246341151
-58.0173126716539
-17.509447574922
-180.351177129286
-68.8548944019066
-37.2403493414735
-11.3989279456317
-136.852146740594
-14.7560180396442
-118.710321528422
-52.5428424167462
-28.7146117182659
-25.864807344147
-18.9303706964387
-24.8520099233464
-110.337237748952
-25.1238141054319
-14.6657913770773
-84.4648113362632
-154.8733217186
-44.627898317223
-94.7575064255924
-116.052880416939
-165.123616666872
-68.8063908816104
-223.083131052149
-47.064037553254
-18.755830133294
-20.6550845851597
-65.5764389595683
-39.9097318169031
-111.573897761068
-21.6631054828866
-61.4445260484725
-109.67790514322
-0.248046995612569
-102.362893680986
-160.095062121329
-127.216337218803
-83.4694084044352
-34.9912903858557
-52.1815676282122
-53.1504634426109
-196.579450272853
-37.8614812032787
-162.120610907718
4.62893703473916
-110.359808590354
-201.655548245065
-72.9104093567736
18.9491835883009
-0.938567138836787
-116.808074585664
-177.158166061885
-76.0230493408982
-17.2484194502877
-68.0026617328046
-141.823833433591
87.3170780072543
-96.2133161038407
-90.3749183827429
-74.9836846684731
-232.073222164083
-154.576479164574
-113.094021369513
-8.46660906038939
-43.9952308731794
-37.910844904455
-20.7676141707551
-86.6038526789323
-56.0046344025333
-62.2618081176745
-108.214373899687
-24.6533487119765
-132.390204118364
-72.260130258376
-18.912771723582
-58.8189222568705
-83.451698820989
-103.494975446656
-66.0913832061912
-21.596272820687
-163.721104143046
-70.1316941901348
-37.4243758235813
-30.5217348405263
-110.676069492973
-70.0898981359088
-11.119497263563
-99.2852179740691
-24.5015875586696
-102.533623457188
-108.896843162102
-5.07173434530618
-110.023928505388
-127.06736350864
-42.3651831915862
-25.1452679829157
-26.8630882989805
-5.08651732116533
-9.68643289382071
-94.1021200197045
-228.705901995662
-56.6191704423933
-106.592453522329
26.5158162614874
-98.805168038884
32.5005053765357
3.67982686641645
34.9171134497447
-64.6701683298859
-159.285248798798
-27.5003170936465
-13.3238553451049
-269.024002548926
-192.595244546511
-22.3211108699427
-110.232310953787
10.2572923710175
-162.201409912306
-48.1315549607329
3.58534752228618
-130.785829543146
10.8035508436815
-89.615119209885
-92.7132986786077
-19.1227672166191
-96.9212959809069
-30.0473138517177
180.611366377192
-95.3245947963477
-94.761792946068
-53.6291735335144
-159.378962018382
-4.78484121480695
33.9282735541295
-40.5317751245587
-8.18261231504154
-147.053578193056
-57.3263541458003
-64.9146927526794
16.8498320868316
-139.569453469942
15.9348013462344
-81.793692303303
-64.820519301459
-137.814067355348
5.18761476152597
96.312049877624
-73.3847465827069
-165.074796137895
-22.3853164540567
-75.8578686388666
-147.313203291922
-68.4567590339812
-34.7311057900152
-84.0997609248937
-185.077067941984
-81.200869589897
-81.100329535367
-125.795690094199
-200.632917675338
-31.747074667849
-201.436671035907
-69.3137786564151
-58.6178791397724
-30.6213249648959
23.2543804299011
-43.7959090428574
-63.9519828443155
-78.8743255891612
-16.0215316424372
-105.736353053733
-40.1933660477171
-147.991451469481
-59.0327097801897
18.9054397339833
-35.7273223717955
-24.8448502384166
-35.876931533675
-36.0360155845083
-99.2371366579559
-102.410930777702
-45.292141674825
-78.8145655684137
-33.295194524672
-81.5465935199706
-3.19142206886607
-128.61640367862
-135.477684273226
1.32555023478454
25.7430333356926
-128.009038265268
-245.978334979291
-103.605056747585
-25.348040290548
-26.2930516957994
-10.0147577239333
-55.6130691193911
-25.8895261176282
-240.579137143847
-147.880752116975
-80.6030288516418
-23.7512287848464
-36.7101447035289
-69.7378194757226
-97.354975263262
-250.040065677411
-164.037218354787
-68.1151518555316
9.07994626633194
-163.273817958961
-48.0205517333331
-103.751013450044
-35.2382489573601
-83.8518079817515
-110.63569900457
-58.6960804894791
26.7699409211902
-147.704507505655
-5.08402000487323
104.646347368258
-138.223503056785
25.6282623498184
-121.923537080833
-44.1033649444056
-43.1400299069922
-72.5271808746496
-101.699403919563
-176.759386981318
-26.8436840823422
-132.000220256774
33.9274233675998
-30.4583372134823
110.145104860399
-171.815554580622
-5.22603273227721
-108.92325338409
8.5109793711534
16.11062751851
29.4183113516392
-68.8863239785331
-89.9557680083205
-42.4438280738927
92.078981290918
-153.546487706287
-16.6753769792811
-109.300212114497
-96.6073491678627
-108.159055049446
-96.9051480869305
71.112191679146
-93.6814472216591
-33.1271588524362
-5.37175884711245
24.007253216196
1.74183406816272
-19.8196249134457
-44.4889534684498
-96.0496363831884
-94.8595660636245
-110.973810914233
9.47743888332496
-14.3180822290467
-36.9521206567723
-76.2585686841073
-48.9418578205139
-139.474047041612
24.2680630355887
12.2431849628483
-30.874439711951
-99.143476001263
31.7572635096291
-182.898876331993
-102.078863525872
-138.009317644397
149.425354593905
-52.715667248147
3.15911489902871
-50.8164720419325
-17.7811061077025
-167.308793584549
-110.584938427741
-48.2305620049275
-141.441670631961
-68.1901221083308
33.2218661835013
-74.5973997060384
-81.8731416895839
-34.6619364367302
61.9869495941413
-138.506070186358
-178.110581865247
-33.3963730081112
-192.265317763812
-37.347434053358
-39.0679433950216
-163.236860432506
6.53405491605441
-210.503281183029
-40.5683716020429
-194.171832055318
-215.135259423625
-188.727223122065
-127.631334745556
-46.9176211233166
-1.2328289192639
-24.3156500365055
-105.246600861376
-38.2601742203715
-188.105045626181
-54.6464832795627
-42.8314268543902
-98.7882362846278
145.576672238021
-42.8370992519021
-25.2494099077556
-37.6835391986568
-103.153735024819
-28.4976604004699
-230.101706619597
-28.9952005762951
43.5668640431683
-95.6297032918277
-69.1622891639287
59.316936405615
-118.762155010277
4.57403428517932
-33.619868442923
-52.8687889615398
24.9318959138134
-108.573145150771
-27.5935797074657
-54.9391510068388
-25.1994692585911
-111.481455504671
22.800673936195
-45.3769126333315
-91.9970871207733
-88.997972412013
-25.8260761588172
-91.1906158079359
-85.7501221968646
-110.243633754894
-91.3625530737793
-33.0789994730855
-160.643484516417
-253.20673810764
-75.6978989115382
-22.4337405104495
-110.352456258936
-19.151228577384
31.5854834011786
4.41839509303895
-159.162566300046
-28.100212658724
-110.42742655155
-118.165406316113
-63.6578830618987
-80.9683584245334
-16.8863616934437
-195.396141662843
81.6035235161559
-98.4598837529741
-61.8619875456492
-271.010913428013
-100.708344142257
-28.0085424197665
-71.5937031543172
-79.8699405889188
-117.31661932147
-75.6055242741193
-70.3213633240007
-158.288852385758
-81.2018875209028
-104.800583814801
-60.676876088116
-198.131881549641
15.5041322379832
7.1653336568154
-46.284120112978
-180.375316815138
-42.4970369242847
-71.6576862386153
-62.7910912540842
-12.9616984039528
-13.5192702157303
-64.7634771620835
-40.679839254056
11.2833086281038
-209.123476354118
-76.2741491157977
-155.033899025167
-127.993592359171
-113.644008694691
-3.91168003235271
-109.737961236442
-51.7002054694641
36.3399430038197
-138.905533432483
-62.9896688810302
-119.716070017137
-115.675043454161
-137.283089861925
32.5579576576765
-147.888001839381
-83.0965343472581
-82.0833205249391
-93.0809870262165
-29.8396463385824
-52.1706599551959
-79.4058506225357
40.8716331714158
-127.947425521149
-264.936378638499
-134.178949224336
-12.931505944159
19.9199797411307
74.1472748736878
-211.384118198174
54.0859845277707
-175.771962945729
-81.1272168004394
-63.8448010987006
-6.45947929767747
0.903850438670763
-8.46160911768428
-186.12475106775
-50.0806125889228
-111.927416915887
-246.341911305322
-145.880871855901
-64.2856030673999
-20.0061770776699
-37.5146041072884
-7.63127949652702
-51.156586004205
-188.921957439806
-34.3586074562823
-191.816882725978
27.1604812214734
-140.190964453758
-108.895436805081
-21.4286378805299
-26.058919333139
-21.3845433498354
-184.303441397847
2.80887033004894
-21.3293978425765
14.9866383163782
-97.2136467570741
-161.486415356016
-39.4982431736122
-0.683050726279685
-197.931554024452
-165.025849042586
-176.176098556444
2.11897276682959
-33.2189807500074
-55.1756458153096
-104.549014378938
-38.1048045075504
86.060160091584
154.117076887144
-185.628923809254
-18.8640262426249
-54.0167402478123
-35.0294080338519
138.76959033129
14.4482791982901
-83.3671765198652
-83.6468576561449
-54.0074462974802
-18.4085672033514
-133.061836434894
-77.4451821158686
7.82016660210789
-6.07616744266621
48.5858308361915
-160.779146843611
38.4440336342414
-126.34449786334
-48.1155439723148
-28.3231370764382
-93.8793044838091
-88.9595179315417
-86.8788388427768
-164.77904138098
-82.370388713966
-102.370584233824
-39.561968856298
-53.7325452935902
-50.6223617601359
-42.0184145356612
-103.884481630512
45.9067054466981
-72.0476383206299
10.8358371525838
-53.5907774068881
59.7548093215606
-72.0004561381011
160.971559936192
21.1969469573054
-94.2255699345011
-99.845313165056
-117.987706300427
-52.6233330993265
-21.8483293004514
-123.579866480367
-86.119463258779
-43.4237273733043
-97.8820146960926
-96.3907531727024
-169.110671032669
-89.5543183041569
-34.7633105000716
-98.2124836780632
25.9933246702988
-35.108260968385
-16.1903274088805
-81.1081586163397
-19.7375616878291
-8.59481476641854
-190.999114443974
-73.873427325894
-135.256927724494
-102.218906382245
115.592292834562
35.2810122589328
94.1030308362425
82.6619654157835
-82.3872771942642
-50.8727185170499
36.2144469723369
-86.2755251677711
-48.2927757361149
-37.4253198376508
-70.1041012090195
-29.2831975382832
-143.651383661059
233.054496588745
-41.1135925319171
-94.216144707945
-24.1289564896189
-51.4013568375675
-66.394897327572
-29.4700087576927
-103.476324872489
-4.91438712171522
-26.2644969999895
18.2347094216007
-168.228996295794
-103.251858212893
77.2904348560663
16.3499409986308
-158.463081270481
-137.177222472471
-69.544870682416
20.2172949922354
94.1056206320491
51.2009728310261
63.5538074554219
7.57564133535208
-169.009499279516
-8.59112533654861
46.2522856651319
-113.59257462964
28.1393947845949
-33.0866090766975
-269.347414036106
-44.4210941854614
-108.736786518139
-160.872476345448
-24.7363659852173
47.901381161729
-84.5258873739152
-146.884684321803
-109.013695650455
-140.921451314481
-122.023823919801
-38.4220275383007
-52.9096555997336
-78.2891942217786
-24.1996603260355
-16.6642194566372
1.4042797962651
-92.3010793242833
-193.061951648588
-92.0533801742157
-115.420048162393
8.22094311333296
-9.7162934594898
-113.176692670152
-34.0857642059895
-100.426752703011
-201.184303390182
7.83268306940672
-50.9517379707612
-40.9309598482487
-108.041558045815
-132.402963704909
-46.5347920725615
-90.4476295410643
-23.3957234733063
-77.4642725478545
-103.734346211361
-7.25471622236595
-166.80512730143
-65.0403552477687
-62.6233008768367
17.9307351432588
-1.59785625150729
23.4725507003893
-69.6106486341796
-86.1765761720604
-47.2406617309264
51.8691571559106
-51.08403306225
-112.6031223701
1.23376746809242
-0.850254145815947
-180.462673746432
-46.4299548383716
-34.6036261945278
-81.7110530446172
81.4956507192431
-104.460220179692
-41.5854093145748
-59.0148739800362
-73.831475385984
-92.0877551971376
-114.269620339878
-162.662263504947
-83.894663653152
15.4490832374516
-24.7604742470974
-111.122331605394
-59.5487649746577
19.1915964298416
-111.077066809271
-6.4215555698356
-106.734971400504
-124.415891911046
